1 0.8828125 0.93046875 0.115625 0.1296875
1 0.91640625 0.8171875 0.0453125 0.084375
1 0.7671875 0.80390625 0.09375 0.0796875
1 0.56484375 0.40859375 0.0671875 0.0796875
1 0.2875 0.4265625 0.03125 0.071875
1 0.8453125 0.453125 0.03125 0.0375
1 0.9125 0.47578125 0.025 0.0390625
1 0.68984375 0.32421875 0.0421875 0.0390625
1 0.8109375 0.37265625 0.059375 0.0578125
1 0.39921875 0.35546875 0.0421875 0.0609375
1 0.23515625 0.71875 0.0359375 0.059375
1 0.9078125 0.2921875 0.0875 0.06875
1 0.334375 0.2609375 0.0625 0.065625
1 0.56953125 0.19453125 0.0484375 0.0421875
1 0.5015625 0.24140625 0.059375 0.0578125
1 0.64921875 0.1625 0.0484375 0.034375
1 0.17890625 0.2875 0.0359375 0.040625
1 0.23046875 0.32421875 0.0421875 0.0390625
1 0.196875 0.390625 0.0875 0.05625