0 0.296875 0.17734375 0.065625 0.2859375
1 0.23671875 0.30703125 0.0609375 0.5359375
1 0.09609375 0.0390625 0.0390625 0.071875
1 0.0140625 0.071875 0.021875 0.096875
0 0.44453125 0.13984375 0.0390625 0.0578125
0 0.3265625 0.48828125 0.15 0.4328125
0 0.65625 0.61875 0.0875 0.384375
0 0.93359375 0.5921875 0.0359375 0.071875
1 0.4578125 0.59296875 0.05625 0.2046875
1 0.196875 0.6890625 0.071875 0.18125
1 0.39609375 0.9 0.0890625 0.1875
1 0.22421875 0.96015625 0.0484375 0.0671875
1 0.92578125 0.37265625 0.0390625 0.2796875
1 0.853125 0.11640625 0.034375 0.1109375
1 0.9203125 0.13203125 0.04375 0.1296875
1 0.7453125 0.734375 0.071875 0.175
1 0.83203125 0.7703125 0.0390625 0.165625
0 0.82734375 0.615625 0.0484375 0.153125
1 0.9390625 0.75703125 0.05625 0.1390625
1 0.88671875 0.66171875 0.0390625 0.1109375
1 0.6875 0.88359375 0.0375 0.1359375