1 0.2984375 0.17421875 0.059375 0.0703125
1 0.896875 0.36796875 0.0625 0.1140625
1 0.76171875 0.4578125 0.0828125 0.128125
1 0.6296875 0.35546875 0.103125 0.0671875
1 0.29453125 0.290625 0.0671875 0.125
1 0.25546875 0.490625 0.1203125 0.146875
1 0.25703125 0.62109375 0.0484375 0.0953125
1 0.1703125 0.625 0.0625 0.1125
1 0.046875 0.8796875 0.090625 0.209375
1 0.15859375 0.90859375 0.1171875 0.0703125
1 0.2234375 0.7390625 0.059375 0.1125
1 0.50234375 0.5109375 0.0609375 0.1
1 0.415625 0.49140625 0.053125 0.0296875
1 0.18984375 0.1234375 0.0546875 0.040625