1 0.071875 0.71484375 0.03125 0.0359375
1 0.0671875 0.80625 0.071875 0.125
1 0.15390625 0.83984375 0.0390625 0.0734375
1 0.30546875 0.73046875 0.0421875 0.0578125
1 0.53828125 0.48203125 0.0484375 0.0453125
1 0.8328125 0.55703125 0.03125 0.0453125
1 0.8703125 0.56640625 0.04375 0.0484375
1 0.91015625 0.65 0.0671875 0.0375
1 0.86640625 0.45234375 0.0359375 0.0265625
1 0.778125 0.3921875 0.0625 0.071875
1 0.1109375 0.33671875 0.103125 0.1421875
1 0.02734375 0.4546875 0.0359375 0.03125
1 0.32421875 0.26484375 0.0578125 0.0796875
1 0.953125 0.02734375 0.053125 0.0484375
1 0.50078125 0.146875 0.0484375 0.03125