1 0.2609375 0.690625 0.09375 0.240625
1 0.584375 0.86796875 0.115625 0.2296875
1 0.7234375 0.84375 0.021875 0.053125
1 0.0578125 0.74375 0.0875 0.1125
1 0.09921875 0.81640625 0.0765625 0.1265625
1 0.21015625 0.91328125 0.2609375 0.0140625
1 0.3796875 0.759375 0.146875 0.290625
0 0.62109375 0.21015625 0.0765625 0.0984375
1 0.53984375 0.49921875 0.1609375 0.5265625
1 0.784375 0.303125 0.178125 0.303125
1 0.13359375 0.21953125 0.1171875 0.1734375
1 0.28515625 0.43125 0.0734375 0.190625
1 0.1703125 0.05859375 0.0625 0.1140625
1 0.04921875 0.021875 0.0703125 0.034375
0 0.259375 0.1078125 0.040625 0.021875