1 0.0328125 0.49765625 0.05625 0.1109375
1 0.125 0.52734375 0.08125 0.2015625
1 0.41015625 0.13203125 0.0609375 0.1671875
1 0.78671875 0.6515625 0.0671875 0.153125
1 0.62734375 0.8546875 0.0671875 0.2625
1 0.19921875 0.86875 0.0359375 0.075
1 0.521875 0.2546875 0.090625 0.10625
1 0.43125 0.5609375 0.05625 0.2
1 0.47734375 0.61484375 0.0265625 0.0984375
1 0.0890625 0.0796875 0.028125 0.0875
1 0.0671875 0.22109375 0.040625 0.0859375
1 0.9734375 0.05625 0.053125 0.071875
1 0.065625 0.959375 0.0625 0.053125
1 0.40546875 0.37109375 0.0453125 0.0890625
1 0.98046875 0.14765625 0.0234375 0.0265625