0 0.47578125 0.6359375 0.0828125 0.66875
1 0.01171875 0.74375 0.0203125 0.290625
1 0.9359375 0.140625 0.121875 0.28125
1 0.8796875 0.4453125 0.125 0.303125
1 0.778125 0.5625 0.134375 0.2875
1 0.58671875 0.7875 0.1421875 0.23125
1 0.6046875 0.5375 0.159375 0.246875
1 0.07265625 0.2125 0.1390625 0.175
1 0.39375 0.3015625 0.084375 0.103125
1 0.2015625 0.21328125 0.075 0.3921875
1 0.26015625 0.4625 0.0578125 0.56875
1 0.3296875 0.8171875 0.13125 0.346875
0 0.3953125 0.38984375 0.04375 0.0671875
1 0.58125 0.19609375 0.03125 0.0890625
1 0.4953125 0.23046875 0.03125 0.0984375
1 0.96875 0.8421875 0.053125 0.065625
1 0.3015625 0.1265625 0.08125 0.2
1 0.62265625 0.02734375 0.0453125 0.0453125