1 0.0828125 0.29453125 0.065625 0.3296875
1 0.06796875 0.6078125 0.0578125 0.278125
1 0.30390625 0.77265625 0.0765625 0.4015625
1 0.39921875 0.61328125 0.0421875 0.4953125
1 0.58515625 0.3265625 0.0796875 0.23125
1 0.79765625 0.46796875 0.0796875 0.1703125
1 0.83984375 0.28125 0.0796875 0.221875
1 0.775 0.24296875 0.05 0.2078125
1 0.4625 0.8328125 0.05625 0.325
1 0.5390625 0.81015625 0.071875 0.3609375
1 0.975 0.90234375 0.040625 0.1859375
1 0.9078125 0.39765625 0.03125 0.2984375
1 0.96953125 0.46640625 0.0578125 0.2734375
1 0.20234375 0.5328125 0.0765625 0.25625
1 0.13671875 0.88125 0.0671875 0.228125
1 0.20703125 0.89921875 0.0421875 0.1921875