1 0.9296875 0.71484375 0.03125 0.0359375
1 0.9328125 0.80625 0.071875 0.125
1 0.84609375 0.83984375 0.0390625 0.0734375
1 0.69453125 0.73046875 0.0421875 0.0578125
1 0.46171875 0.48203125 0.0484375 0.0453125
1 0.1671875 0.55703125 0.03125 0.0453125
1 0.1296875 0.56640625 0.04375 0.0484375
1 0.08984375 0.65 0.0671875 0.0375
1 0.13359375 0.45234375 0.0359375 0.0265625
1 0.2234375 0.3921875 0.0625 0.071875
1 0.8890625 0.33671875 0.1 0.1421875
1 0.97421875 0.4546875 0.0359375 0.03125
1 0.67578125 0.26484375 0.0609375 0.0796875
1 0.046875 0.02734375 0.05 0.0484375
1 0.50078125 0.146875 0.0484375 0.03125