0 0.7921875 0.278125 0.1 0.28125
0 0.93515625 0.4875 0.1140625 0.34375
0 0.50078125 0.32578125 0.0890625 0.3515625
0 0.66328125 0.165625 0.0890625 0.21875
0 0.38828125 0.24921875 0.1109375 0.2859375
0 0.26953125 0.178125 0.0796875 0.159375
0 0.12734375 0.34140625 0.1296875 0.2015625
0 0.0953125 0.55390625 0.071875 0.1578125
0 0.5765625 0.53828125 0.065625 0.3015625
0 0.64921875 0.52265625 0.0640625 0.1609375
0 0.7328125 0.5765625 0.0875 0.215625
0 0.821875 0.57578125 0.065625 0.1546875
0 0.61484375 0.9171875 0.0578125 0.1625
0 0.42578125 0.62734375 0.0546875 0.1078125
0 0.65234375 0.696875 0.0703125 0.125
0 0.76171875 0.75234375 0.0421875 0.1203125
0 0.01796875 0.39453125 0.0359375 0.1796875