1 0.2609375 0.6890625 0.09375 0.240625
1 0.584375 0.86640625 0.1125 0.2296875
1 0.7234375 0.84375 0.021875 0.05625
1 0.05625 0.74375 0.0875 0.1125
1 0.09921875 0.81484375 0.0765625 0.1265625
1 0.21015625 0.91328125 0.2640625 0.0140625
1 0.37890625 0.75859375 0.1484375 0.2890625
0 0.61953125 0.21015625 0.0765625 0.0984375
1 0.53984375 0.49921875 0.1578125 0.5265625
1 0.7828125 0.303125 0.178125 0.303125
1 0.13359375 0.21953125 0.1203125 0.1734375
1 0.28359375 0.43203125 0.0734375 0.1921875
1 0.1703125 0.059375 0.0625 0.115625
1 0.0484375 0.02265625 0.06875 0.0359375
0 0.259375 0.1078125 0.040625 0.021875