1 0.0921875 0.409375 0.075 0.115625
1 0.28984375 0.39140625 0.0734375 0.0796875
1 0.7015625 0.0546875 0.075 0.053125
1 0.48671875 0.37734375 0.0671875 0.0984375
1 0.55625 0.390625 0.04375 0.053125
1 0.6765625 0.459375 0.103125 0.1625
1 0.8109375 0.5375 0.153125 0.24375
1 0.7015625 0.65 0.065625 0.065625
1 0.26171875 0.6421875 0.0609375 0.128125
1 0.31953125 0.7546875 0.0484375 0.125
1 0.58515625 0.8265625 0.0484375 0.090625
1 0.4265625 0.615625 0.053125 0.09375
1 0.8578125 0.78125 0.10625 0.184375
1 0.9390625 0.7328125 0.0625 0.09375
1 0.7953125 0.9359375 0.059375 0.10625
1 0.71796875 0.796875 0.0359375 0.059375