1 0.29921875 0.17421875 0.0578125 0.0703125
1 0.896875 0.36875 0.0625 0.1125
1 0.76171875 0.4578125 0.0828125 0.128125
1 0.6296875 0.35546875 0.1 0.0671875
1 0.29453125 0.290625 0.0640625 0.125
1 0.25546875 0.4921875 0.1203125 0.146875
1 0.25703125 0.621875 0.0484375 0.09375
1 0.1703125 0.6265625 0.0625 0.1125
1 0.0484375 0.8796875 0.090625 0.20625
1 0.16015625 0.90859375 0.1171875 0.0671875
1 0.22421875 0.7390625 0.0578125 0.1125
1 0.50234375 0.51171875 0.0578125 0.1015625
1 0.415625 0.4921875 0.053125 0.03125
1 0.19140625 0.1234375 0.0546875 0.040625