0 0.52421875 0.6359375 0.0828125 0.665625
1 0.98828125 0.74375 0.0203125 0.290625
1 0.0640625 0.140625 0.121875 0.28125
1 0.1203125 0.4453125 0.125 0.303125
1 0.22265625 0.5625 0.1328125 0.2875
1 0.41484375 0.78828125 0.1421875 0.2296875
1 0.39609375 0.5375 0.1609375 0.246875
1 0.92890625 0.2125 0.1390625 0.175
1 0.6078125 0.30078125 0.084375 0.1015625
1 0.79921875 0.21328125 0.0765625 0.3921875
1 0.74140625 0.4625 0.0578125 0.56875
1 0.6703125 0.8171875 0.134375 0.346875
0 0.60546875 0.38984375 0.0453125 0.0671875
1 0.4203125 0.19609375 0.03125 0.0890625
1 0.50625 0.23046875 0.03125 0.0953125
1 0.03125 0.8421875 0.053125 0.065625
1 0.69921875 0.1265625 0.0796875 0.2
1 0.37734375 0.0265625 0.0421875 0.04375