0 0.7046875 0.17734375 0.065625 0.2859375
1 0.7640625 0.30703125 0.059375 0.5359375
1 0.90390625 0.0390625 0.0390625 0.071875
1 0.9890625 0.07265625 0.021875 0.0984375
0 0.55546875 0.1390625 0.0390625 0.059375
0 0.6734375 0.48828125 0.15 0.4359375
0 0.34453125 0.61875 0.0890625 0.384375
0 0.06640625 0.590625 0.0328125 0.071875
1 0.54296875 0.5921875 0.0578125 0.20625
1 0.803125 0.6890625 0.071875 0.18125
1 0.60546875 0.9 0.0890625 0.1875
1 0.77734375 0.96015625 0.0484375 0.0671875
1 0.07421875 0.3734375 0.0390625 0.28125
1 0.146875 0.11484375 0.034375 0.1109375
1 0.0796875 0.13203125 0.04375 0.1328125
1 0.2546875 0.734375 0.075 0.178125
1 0.16796875 0.7703125 0.0390625 0.16875
0 0.17421875 0.615625 0.0484375 0.153125
1 0.0609375 0.75703125 0.05625 0.1421875
1 0.1140625 0.66015625 0.0375 0.1109375
1 0.3140625 0.88359375 0.0375 0.1359375