0 0.2078125 0.278125 0.1 0.28125
0 0.06484375 0.4875 0.1140625 0.34375
0 0.50078125 0.32578125 0.0890625 0.3515625
0 0.33671875 0.165625 0.0890625 0.21875
0 0.61171875 0.24921875 0.1109375 0.2859375
0 0.73046875 0.178125 0.0796875 0.159375
0 0.87265625 0.34140625 0.1296875 0.2015625
0 0.9046875 0.55390625 0.071875 0.1578125
0 0.4234375 0.53828125 0.065625 0.3015625
0 0.35078125 0.52265625 0.0640625 0.1609375
0 0.2671875 0.5765625 0.0875 0.215625
0 0.178125 0.57578125 0.065625 0.1546875
0 0.38671875 0.9171875 0.0578125 0.1625
0 0.57421875 0.62734375 0.0546875 0.1078125
0 0.34765625 0.696875 0.0703125 0.125
0 0.23828125 0.75234375 0.0453125 0.1203125
0 0.98046875 0.39453125 0.0328125 0.1828125