1 0.11875 0.93046875 0.115625 0.1296875
1 0.08515625 0.8171875 0.0484375 0.084375
1 0.2328125 0.80390625 0.09375 0.0796875
1 0.43515625 0.40859375 0.0640625 0.0796875
1 0.7125 0.4265625 0.03125 0.071875
1 0.1546875 0.453125 0.03125 0.0375
1 0.0875 0.47578125 0.025 0.0390625
1 0.31015625 0.32421875 0.0421875 0.0390625
1 0.1890625 0.37265625 0.059375 0.0578125
1 0.60078125 0.35546875 0.0421875 0.0609375
1 0.76640625 0.71875 0.0359375 0.059375
1 0.0921875 0.2921875 0.0875 0.06875
1 0.665625 0.2609375 0.0625 0.065625
1 0.43046875 0.19453125 0.0484375 0.0421875
1 0.4984375 0.24140625 0.059375 0.0578125
1 0.35078125 0.1625 0.0484375 0.034375
1 0.82109375 0.2875 0.0359375 0.040625
1 0.76953125 0.32421875 0.0421875 0.0390625
1 0.803125 0.390625 0.0875 0.05625